BL_47_pos2_angle30_e52_ch32={-0.055053,-0.078726,-0.193394,-0.142873,-0.489410,-0.193510,0.088202,-0.149396}
BL_48_pos3_angle30_e14_ch32={-0.018706,-0.060074,-0.124650,-0.124068,-0.461850,-0.202728,0.133725,-0.150244}
BL_49_pos3_angle30_e26_ch32={-0.073209,-0.066060,-0.136161,-0.143849,-0.478444,-0.187902,0.098053,-0.165959}
BL_50_pos3_angle30_e52_ch32={-0.143809,-0.119058,-0.294894,-0.197370,-0.626441,-0.195415,0.054718,-0.195993}
BL_51_pos4_angle30_e14_ch32={-0.131330,-0.126142,-0.173399,-0.154750,-0.551650,-0.187961,0.044675,-0.164215}
BL_52_pos4_angle30_e26_ch32={-0.316972,-0.164558,-0.600496,-0.204557,-0.804909,-0.204364,-0.046410,-0.195402}
BL_53_pos4_angle30_e52_ch32={-0.402773,-0.209792,-0.882355,-0.327880,-11.026406,-0.203530,-0.108109,-0.194972}
BL_54_pos5_angle30_e14_ch32={-0.879129,-0.198513,-7.454892,-0.420250,-3.416918,-0.182855,-0.374057,-0.309866}
BL_55_pos5_angle30_e26_ch32={-5.433109,-0.206749,-8.248895,-0.284491,-6.705104,-0.173172,-0.394827,-0.299255}
BL_56_pos5_angle30_e52_ch32={-1.715107,-0.215648,-5.478969,-0.357703,-5.452443,-0.185616,-0.239028,-0.321605}
BL_58_pos6_angle30_e14_ch32={-0.435106,-0.199679,-7.722867,-0.295520,-2.531258,-0.202842,-0.030191,-0.257113}
BL_59_pos6_angle30_e26_ch32={-7.083417,-0.211102,-7.572258,-0.296971,-7.053346,-0.189290,-0.284377,-0.290877}
BL_60_pos6_angle30_e52_ch32={-2.134522,-0.204946,-6.731000,-0.358546,-6.348076,-0.202441,-0.176834,-0.301974}
BL_61_pos7_angle30_e14_ch32={-0.916778,-0.172524,-3.574436,-0.300456,-4.087356,-0.215995,-0.170717,-0.274121}
BL_62_pos7_angle30_e26_ch32={-0.548447,-0.198459,-8.772689,-0.314794,-9.071651,-0.204496,-0.311242,-0.254161}
BL_63_pos7_angle30_e52_ch32={-0.401086,-0.195426,-0.562628,-0.336137,-1.761485,-0.217265,-0.059899,-0.299163}
BL_64_pos8_angle30_e14_ch32={-0.089564,-0.113367,-0.174104,-0.163383,-0.528445,-0.204074,0.078422,-0.230252}
BL_65_pos8_angle30_e26_ch32={-0.152301,-0.152286,-0.324856,-0.224370,-0.760380,-0.185963,0.020057,-0.258308}
BL_66_pos8_angle30_e52_ch32={-0.256110,-0.181282,-2.780174,-0.273353,-1.438008,-0.196016,-0.032002,-0.279877}
BL_68_pos12_angle30_e14_ch32={-1.012172,-1.039292,-1.200037,-1.068750,-1.829247,-1.136274,-0.814018,-1.093661}
BL_69_pos12_angle30_e26_ch32={-1.761718,-1.092156,-2.983396,-1.097527,-4.921655,-1.147178,-0.893177,-1.078628}
BL_70_pos12_angle30_e52_ch32={-3.010401,-1.127962,-13.484345,-1.186418,-12.892530,-1.171432,-1.446500,-1.188766}
BL_71_pos13_angle30_e14_ch32={-0.870504,-0.973876,-0.961935,-0.983804,-1.329785,-1.137684,-0.779794,-1.035982}
BL_72_pos13_angle30_e26_ch32={-0.935023,-1.014173,-1.041610,-1.001740,-1.487180,-1.126623,-0.809764,-1.048812}
BL_73_pos13_angle30_e52_ch32={-1.106807,-1.050838,-1.540289,-1.079717,-2.722738,-1.120358,-0.892116,-1.084790}
BL_74_pos14_angle30_e14_ch32={-0.840570,-0.974860,-0.898348,-0.969493,-1.331447,-1.130177,-0.739240,-1.020499}
BL_75_pos14_angle30_e26_ch32={-0.904895,-0.986434,-0.967124,-0.979764,-1.346429,-1.124112,-0.767675,-1.046898}
BL_76_pos14_angle30_e52_ch32={-1.035133,-1.033851,-1.214663,-1.026156,-1.841764,-1.125344,-0.878541,-1.099675}
BL_77_pos15_angle30_e14_ch32={-1.016440,-1.097928,-1.145463,-1.121066,-1.549823,-1.114756,-0.890561,-1.150573}
BL_78_pos15_angle30_e26_ch32={-1.029154,-1.101168,-1.151143,-1.122599,-1.505837,-1.116816,-0.916482,-1.131581}
BL_79_pos15_angle30_e52_ch32={-1.026196,-1.103314,-1.141122,-1.121629,-1.525231,-1.103992,-0.917188,-1.125598}
BL_80_pos16_angle30_e14_ch32={-7.891768,-1.247893,-9.412424,-1.251009,-9.384202,-1.138813,-2.538834,-1.217441}
BL_81_pos16_angle30_e26_ch32={-1.556404,-1.104971,-7.659460,-1.343138,-8.388406,-1.153590,-1.053693,-1.219829}
BL_82_pos16_angle30_e52_ch32={-1.102335,-1.099970,-1.265240,-1.196000,-1.753540,-1.142188,-0.952748,-1.163511}
BL_83_pos17_angle30_e14_ch32={-1.135033,-1.032392,-1.153358,-1.047467,-1.944987,-1.139964,-0.843415,-1.135666}
BL_84_pos17_angle30_e26_ch32={-1.457328,-1.046641,-6.248120,-1.230839,-2.985745,-1.128062,-0.959298,-1.172804}
BL_85_pos17_angle30_e52_ch32={-3.839764,-1.081957,-12.613463,-1.229454,-12.807514,-1.116217,-1.198605,-1.199271}
BL_86_pos18_angle30_e14_ch32={-1.394254,-1.097530,-5.842631,-1.101902,-4.702853,-1.119866,-0.910584,-1.142250}
BL_87_pos18_angle30_e26_ch32={-1.921204,-1.090071,-12.888552,-1.245011,-12.545218,-1.120390,-1.221009,-1.180744}
BL_88_pos18_angle30_e52_ch32={-8.517286,-1.126062,-9.800143,-1.293085,-9.802261,-1.109860,-1.229042,-1.198076}
BL_89_pos19_angle30_e14_ch32={-1.255929,-1.112599,-12.289304,-1.245180,-13.637374,-1.130836,-1.181814,-1.211333}
BL_90_pos19_angle30_e26_ch32={-7.301450,-1.137949,-10.851397,-1.265024,-10.418434,-1.122257,-1.345275,-1.238173}
BL_91_pos19_angle30_e52_ch32={-6.980801,-1.110209,-8.073034,-1.723223,-8.701544,-1.118218,-1.001526,-1.245470}
BL_10_pos3_angle0_e14_ch32={-0.123098,-0.086954,-0.163270,-0.080215,-0.505588,-0.086502,0.170490,-0.142589}
BL_11_pos3_angle0_e26_ch32={-0.115476,-0.081302,-0.137076,-0.092840,-0.460165,-0.087928,0.176562,-0.146266}
BL_12_pos3_angle0_e52_ch32={-0.109295,-0.080629,-0.156965,-0.089039,-0.474504,-0.079644,0.153985,-0.144658}
BL_13_pos2_angle0_e52_ch32={-0.175348,-0.125701,-0.230985,-0.147948,-0.605787,-0.074099,0.094058,-0.179593}
BL_14_pos4_angle0_e14_ch32={-0.129014,-0.057822,-0.139834,-0.119493,-0.482956,-0.070409,0.173684,-0.162564}
BL_15_pos4_angle0_e26_ch32={-0.151629,-0.118825,-0.192552,-0.147114,-0.499386,-0.073305,0.143864,-0.189115}
BL_16_pos4_angle0_e52_ch32={-0.278215,-0.135223,-0.339839,-0.194527,-0.767122,-0.077752,0.068856,-0.218858}
BL_18_pos5_angle0_e14_ch32={-0.223628,-0.146289,-0.359585,-0.149939,-0.818198,-0.102880,0.020331,-0.238297}
BL_19_pos5_angle0_e26_ch32={-0.365797,-0.174608,-0.728012,-0.245018,-1.164114,-0.093727,0.004666,-0.233568}
BL_1_pos0_angle0_e26_ch32={-0.779722,-0.191033,-1.052969,-0.234131,-1.583499,-0.075416,-0.099552,-0.297161}
BL_20_pos5_angle0_e52_ch32={-0.569642,-0.177989,-7.692970,-0.285823,-10.509690,-0.099172,-0.298585,-0.278675}
BL_21_pos6_angle0_e52_ch32={-0.301271,-0.182778,-3.798991,-0.208201,-8.049191,-0.098933,-0.076664,-0.267859}
BL_22_pos6_angle0_e26_ch32={-0.331979,-0.164633,-0.678467,-0.203022,-0.744588,-0.099898,-0.031893,-0.230509}
BL_23_pos6_angle0_e14_ch32={-0.179778,-0.153494,-0.381879,-0.142960,-0.611705,-0.117097,0.036997,-0.207982}
BL_24_pos7_angle0_e14_ch32={-0.218464,-0.173826,-0.325319,-0.201436,-0.657440,-0.109349,-0.005491,-0.244901}
BL_25_pos7_angle0_e26_ch32={-0.182158,-0.168708,-0.337544,-0.192393,-0.644005,-0.110405,0.001101,-0.239082}
BL_26_pos7_angle0_e52_ch32={-0.219951,-0.173990,-0.322318,-0.194150,-0.632186,-0.120842,0.003930,-0.245194}
BL_27_pos8_angle0_e52_ch32={-0.252683,-0.184146,-0.578660,-0.206614,-0.701873,-0.104527,-0.009367,-0.257454}
BL_28_pos8_angle0_e26_ch32={-0.430665,-0.195829,-7.365948,-0.291633,-7.569151,-0.116976,-0.117335,-0.302868}
BL_29_pos8_angle0_e14_ch32={-0.666306,-0.218827,-8.809858,-0.309612,-9.310577,-0.098388,-0.099648,-0.296416}
BL_2_pos0_angle0_e14_ch32={-0.331750,-0.168287,-0.445867,-0.175504,-0.734536,-0.067883,-0.009212,-0.237367}
BL_30_pos9_angle0_e26_ch32={-0.207775,-0.179498,-0.338237,-0.175773,-0.635450,-0.111000,0.007511,-0.207554}
BL_31_pos9_angle0_e14_ch32={-0.212227,-0.187447,-0.321094,-0.203692,-0.675448,-0.110806,0.022427,-0.193693}
BL_32_pos9_angle0_e52_ch32={-0.225686,-0.186650,-0.314454,-0.186578,-0.661583,-0.110129,0.010333,-0.200957}
BL_33_pos10_angle0_e52_ch32={-0.244562,-0.188043,-0.309082,-0.203537,-0.641648,-0.106559,-0.014058,-0.194528}
BL_34_pos10_angle0_e26_ch32={-0.232202,-0.206233,-0.318334,-0.183703,-0.646883,-0.126847,-0.011024,-0.203943}
BL_35_pos10_angle0_e14_ch32={-0.229998,-0.178497,-0.309178,-0.184789,-0.661073,-0.118981,-0.023282,-0.202412}
BL_36_pos11_angle0_e14_ch32={-0.189039,-0.197986,-0.313178,-0.180178,-0.655407,-0.128060,-0.012890,-0.213380}
BL_37_pos11_angle0_e26_ch32={-0.213309,-0.174730,-0.309462,-0.178208,-0.661727,-0.110529,-0.038335,-0.205167}
BL_38_pos11_angle0_e52_ch32={-0.217630,-0.200116,-0.317946,-0.159720,-0.643591,-0.110495,0.008826,-0.197249}
BL_39_pos0_angle30_e14_ch32={-0.539002,-0.195620,-11.039110,-0.318140,-1.744359,-0.192111,-0.185819,-0.287885}
BL_3_pos0_angle0_e52_ch32={-1.880976,-0.234304,-6.139681,-0.242990,-3.332714,-0.066167,-0.246104,-0.312815}
BL_40_pos0_angle30_e26_ch32={-7.391551,-0.200467,-10.213845,-0.331758,-10.686942,-0.219224,-0.158578,-0.299700}
BL_41_pos0_angle30_e52_ch32={-6.681303,-0.286034,-8.639229,-0.461395,-8.588659,-0.198848,-0.228990,-0.324125}
BL_42_pos1_angle30_e14_ch32={-0.183234,-0.122490,-0.272718,-0.184305,-0.623745,-0.173689,0.035066,-0.196967}
BL_43_pos1_angle30_e26_ch32={-0.418892,-0.150924,-2.496064,-0.251693,-0.830776,-0.178744,-0.158077,-0.229988}
BL_44_pos1_angle30_e52_ch32={-0.385776,-0.170288,-8.603957,-0.281322,-7.373757,-0.176162,-0.192625,-0.267271}
BL_45_pos2_angle30_e14_ch32={-0.112084,-0.115618,-0.237378,-0.203411,-0.537094,-0.193212,0.062206,-0.209341}
BL_46_pos2_angle30_e26_ch32={-0.080662,-0.088860,-0.225417,-0.171972,-0.517514,-0.197662,0.093842,-0.186433}
BL_4_pos1_angle0_e14_ch32={-0.167274,-0.167520,-0.223620,-0.106026,-0.548036,-0.067130,0.146070,-0.214496}
BL_5_pos1_angle0_e26_ch32={-0.274430,-0.161243,-0.342899,-0.161866,-0.634854,-0.085911,0.108230,-0.232457}
BL_6_pos1_angle0_e52_ch32={-0.449686,-0.147882,-0.787056,-0.183252,-0.921648,-0.081386,0.052526,-0.263230}
BL_7_calib_vb58_tune8700_pcbd={-0.150271,-0.092762,-0.282392,-0.227585,-0.566606,-0.193274,0.041741,-0.142502}
