run_pos0_e14={3.495308,1.485189,42.490936,2477664,70.682442,29.177731,0.139828}
run_pos10_e14={22.402966,9.390392,41.915848,2406257,70.763947,28.945047,0.291003}
run_pos11_e14={21.915907,9.187544,41.921806,2395406,70.031639,29.700310,0.268053}
run_pos7_e14={16.684208,7.003965,41.979610,2459349,69.891037,29.921240,0.187728}
run_pos8_e14={6.916837,2.923340,42.264122,2418432,71.166603,28.689342,0.144059}
run_pos9_e14={22.016294,9.230139,41.924126,2462108,70.306557,29.432957,0.260487}
run_pos0_e26={3.487115,1.487667,42.661839,3152721,72.267746,27.576616,0.155641}
run_pos10_e26={22.831242,9.575575,41.940670,3346629,72.541298,27.140242,0.318460}
run_pos11_e26={22.357861,9.372908,41.922203,3076900,71.731979,28.022636,0.245386}
run_pos7_e26={17.078144,7.167939,41.971420,3244544,71.366806,28.420807,0.212392}
run_pos8_e26={6.960805,2.950369,42.385448,3174891,72.073021,27.768360,0.158619}
run_pos9_e26={22.517860,9.444795,41.943569,3225173,72.227623,27.487812,0.284562}
run_pos0_e52={3.497428,1.483549,42.418289,4293555,73.570724,26.257269,0.172011}
run_pos10_e52={23.101456,9.694942,41.966808,4164573,73.200714,26.523945,0.275337}
run_pos11_e52={22.776672,9.549429,41.926357,4212828,72.940918,26.762568,0.296515}
run_pos7_e52={17.205738,7.229821,42.019825,4308917,73.309105,26.480906,0.209994}
run_pos8_e52={6.949921,2.939070,42.289265,4125658,73.212173,26.611818,0.176007}
run_pos9_e52={22.879469,9.603902,41.976070,4219639,73.145294,26.538572,0.316136}
run_pos0_e14={3.495308,1.485189,42.490936,2477664,70.682442,29.177731,0.139828}
run_pos10_e14={22.402966,9.390392,41.915848,2406257,70.763947,28.945047,0.291003}
run_pos11_e14={21.915907,9.187544,41.921806,2395406,70.031639,29.700310,0.268053}
run_pos0_e14={3.495308,1.485189,42.490936,2477664,70.682442,29.177731,0.139828}
run_pos10_e14={22.402966,9.390392,41.915848,2406257,70.763947,28.945047,0.291003}
run_pos11_e14={21.915907,9.187544,41.921806,2395406,70.031639,29.700310,0.268053}
run_pos7_e14={16.684208,7.003965,41.979610,2459349,69.891037,29.921240,0.187728}
run_pos8_e14={6.916837,2.923340,42.264122,2418432,71.166603,28.689342,0.144059}
run_pos9_e14={22.016294,9.230139,41.924126,2462108,70.306557,29.432957,0.260487}
run_pos0_e26={3.487115,1.487667,42.661839,3152721,72.267746,27.576616,0.155641}
run_pos10_e26={22.831242,9.575575,41.940670,3346629,72.541298,27.140242,0.318460}
run_pos11_e26={22.357861,9.372908,41.922203,3076900,71.731979,28.022636,0.245386}
run_pos7_e26={17.078144,7.167939,41.971420,3244544,71.366806,28.420807,0.212392}
run_pos8_e26={6.960805,2.950369,42.385448,3174891,72.073021,27.768360,0.158619}
run_pos0_e14={3.495308,1.485189,42.490936,2477664,70.682442,29.177731,0.139828}
run_pos10_e14={22.402966,9.390392,41.915848,2406257,70.763947,28.945047,0.291003}
run_pos11_e14={21.915907,9.187544,41.921806,2395406,70.031639,29.700310,0.268053}
run_pos7_e14={16.684208,7.003965,41.979610,2459349,69.891037,29.921240,0.187728}
run_pos8_e14={6.916837,2.923340,42.264122,2418432,71.166603,28.689342,0.144059}
run_pos9_e14={22.016294,9.230139,41.924126,2462108,70.306557,29.432957,0.260487}
run_pos0_e26={3.487115,1.487667,42.661839,3152721,72.267746,27.576616,0.155641}
run_pos10_e26={22.831242,9.575575,41.940670,3346629,72.541298,27.140242,0.318460}
run_pos11_e26={22.357861,9.372908,41.922203,3076900,71.731979,28.022636,0.245386}
run_pos7_e26={17.078144,7.167939,41.971420,3244544,71.366806,28.420807,0.212392}
run_pos8_e26={6.960805,2.950369,42.385448,3174891,72.073021,27.768360,0.158619}
run_pos9_e26={22.517860,9.444795,41.943569,3225173,72.227623,27.487812,0.284562}
run_pos0_e52={3.497428,1.483549,42.418289,4293555,73.570724,26.257269,0.172011}
run_pos10_e52={23.101456,9.694942,41.966808,4164573,73.200714,26.523945,0.275337}
run_pos11_e52={22.776672,9.549429,41.926357,4212828,72.940918,26.762568,0.296515}
run_pos7_e52={17.205738,7.229821,42.019825,4308917,73.309105,26.480906,0.209994}
run_pos8_e52={6.949921,2.939070,42.289265,4125658,73.212173,26.611818,0.176007}
run_pos9_e52={22.879469,9.603902,41.976070,4219639,73.145294,26.538572,0.316136}
run_pos0_e14={3.495308,1.485189,42.490936,2477664,70.682442,29.177731,0.139828}
run_pos10_e14={22.402966,9.390392,41.915848,2406257,70.763947,28.945047,0.291003}
run_pos11_e14={21.915907,9.187544,41.921806,2395406,70.031639,29.700310,0.268053}
run_pos7_e14={16.684208,7.003965,41.979610,2459349,69.891037,29.921240,0.187728}
run_pos8_e14={6.916837,2.923340,42.264122,2418432,71.166603,28.689342,0.144059}
run_pos9_e14={22.016294,9.230139,41.924126,2462108,70.306557,29.432957,0.260487}
run_pos0_e26={3.487115,1.487667,42.661839,3152721,72.267746,27.576616,0.155641}
run_pos10_e26={22.831242,9.575575,41.940670,3346629,72.541298,27.140242,0.318460}
run_pos11_e26={22.357861,9.372908,41.922203,3076900,71.731979,28.022636,0.245386}
run_pos7_e26={17.078144,7.167939,41.971420,3244544,71.366806,28.420807,0.212392}
run_pos8_e26={6.960805,2.950369,42.385448,3174891,72.073021,27.768360,0.158619}
run_pos9_e26={22.517860,9.444795,41.943569,3225173,72.227623,27.487812,0.284562}
run_pos0_e52={3.497428,1.483549,42.418289,4293555,73.570724,26.257269,0.172011}
run_pos0_e14={3.495308,1.485189,42.490936,2477664,70.682442,29.177731,0.139828}
run_pos10_e14={22.402966,9.390392,41.915848,2406257,70.763947,28.945047,0.291003}
run_pos11_e14={21.915907,9.187544,41.921806,2395406,70.031639,29.700310,0.268053}
run_pos7_e14={16.684208,7.003965,41.979610,2459349,69.891037,29.921240,0.187728}
run_pos8_e14={6.916837,2.923340,42.264122,2418432,71.166603,28.689342,0.144059}
run_pos9_e14={22.016294,9.230139,41.924126,2462108,70.306557,29.432957,0.260487}
run_pos0_e26={3.487115,1.487667,42.661839,3152721,72.267746,27.576616,0.155641}
run_pos10_e26={22.831242,9.575575,41.940670,3346629,72.541298,27.140242,0.318460}
run_pos11_e26={22.357861,9.372908,41.922203,3076900,71.731979,28.022636,0.245386}
run_pos7_e26={17.078144,7.167939,41.971420,3244544,71.366806,28.420807,0.212392}
run_pos8_e26={6.960805,2.950369,42.385448,3174891,72.073021,27.768360,0.158619}
run_pos9_e26={22.517860,9.444795,41.943569,3225173,72.227623,27.487812,0.284562}
run_pos0_e52={3.497428,1.483549,42.418289,4293555,73.570724,26.257269,0.172011}
run_pos10_e52={23.101456,9.694942,41.966808,4164573,73.200714,26.523945,0.275337}
run_pos11_e52={22.776672,9.549429,41.926357,4212828,72.940918,26.762568,0.296515}
run_pos7_e52={17.205738,7.229821,42.019825,4308917,73.309105,26.480906,0.209994}
run_pos8_e52={6.949921,2.939070,42.289265,4125658,73.212173,26.611818,0.176007}
run_pos9_e52={22.879469,9.603902,41.976070,4219639,73.145294,26.538572,0.316136}
run_pos0_e14={3.495308,1.485189,42.490936,2477664,70.682442,29.177731,0.139828}
run_pos10_e14={22.402966,9.390392,41.915848,2406257,70.763947,28.945047,0.291003}
run_pos11_e14={21.915907,9.187544,41.921806,2395406,70.031639,29.700310,0.268053}
run_pos7_e14={16.684208,7.003965,41.979610,2459349,69.891037,29.921240,0.187728}
run_pos8_e14={6.916837,2.923340,42.264122,2418432,71.166603,28.689342,0.144059}
run_pos9_e14={22.016294,9.230139,41.924126,2462108,70.306557,29.432957,0.260487}
run_pos0_e26={3.487115,1.487667,42.661839,3152721,72.267746,27.576616,0.155641}
run_pos10_e26={22.831242,9.575575,41.940670,3346629,72.541298,27.140242,0.318460}
run_pos11_e26={22.357861,9.372908,41.922203,3076900,71.731979,28.022636,0.245386}
run_pos7_e26={17.078144,7.167939,41.971420,3244544,71.366806,28.420807,0.212392}
run_pos8_e26={6.960805,2.950369,42.385448,3174891,72.073021,27.768360,0.158619}
run_pos9_e26={22.517860,9.444795,41.943569,3225173,72.227623,27.487812,0.284562}
run_pos0_e52={3.497428,1.483549,42.418289,4293555,73.570724,26.257269,0.172011}
run_pos10_e52={23.101456,9.694942,41.966808,4164573,73.200714,26.523945,0.275337}
run_pos11_e52={22.776672,9.549429,41.926357,4212828,72.940918,26.762568,0.296515}
run_pos7_e52={17.205738,7.229821,42.019825,4308917,73.309105,26.480906,0.209994}
run_pos8_e52={6.949921,2.939070,42.289265,4125658,73.212173,26.611818,0.176007}
run_pos9_e52={22.879469,9.603902,41.976070,4219639,73.145294,26.538572,0.316136}
